c1,c2,mean_inf,mean_t
0,0,278.72,40.130942382812485
0,1,344.9,57.97289276123047
0,2,448.28,78.32512054443357
0,3,639.7200000000003,114.03761611938477
0,4,1114.8000000000006,191.27373565673827
0,5,4619.919999999999,580.0970275878906
0,6,116724.47,1146.096708374023
0,7,232580.78,682.5340374755858
1,0,278.52,40.75344100952148
1,1,345.41000000000014,57.208936614990236
1,2,445.98,79.9754397583007
1,3,630.5100000000001,116.19651229858398
1,4,1073.0400000000002,183.6044180297852
1,5,3713.06,470.2573258972168
1,6,100704.22999999998,1281.8790533447263
1,7,220069.25,717.2129211425778
2,0,278.56999999999994,41.43708465576171
2,1,345.3599999999999,56.81292236328125
2,2,441.48,77.62132934570315
2,3,623.2300000000002,109.39370223999023
2,4,1017.1999999999997,175.14548904418942
2,5,2865.75,396.22869247436523
2,6,78474.79,1391.5168408203126
2,7,202339.96,752.3353430175781
3,0,278.42999999999995,39.9404948425293
3,1,345.3000000000001,56.512581787109376
3,2,443.72,78.80942489624026
3,3,609.3,105.06823715209961
3,4,989.9800000000001,165.46944869995116
3,5,2259.879999999999,315.4780656433105
3,6,48404.72,1555.0113098144532
3,7,179051.96000000005,837.1864794921875
3,8,270104.46,585.4148809814455
4,0,278.4600000000002,39.85909454345702
4,1,346.83,58.22677703857422
4,2,439.86,76.37012680053712
4,3,600.0699999999998,102.01563003540038
4,4,934.04,154.0176664733886
4,5,1898.55,276.5200090026855
4,6,20229.73,1173.9069915771483
4,7,150917.80999999994,966.443589477539
4,8,247160.05,637.7278363037105
5,0,278.19999999999993,40.085080566406276
5,1,345.6500000000001,58.46536010742187
5,2,439.91,79.12106628417968
5,3,595.0299999999997,105.79182006835937
5,4,873.68,144.13745223999027
5,5,1658.9199999999996,238.1317594909668
5,6,8665.960000000003,716.2901452636721
5,7,118988.7,1142.6085235595701
5,8,219662.31,706.1638299560547
6,0,278.38000000000005,39.751201477050785
6,1,341.61,55.66901123046875
6,2,433.75,74.11217025756838
6,3,585.94,101.538505859375
6,4,829.7,130.6605848693848
6,5,1442.4500000000005,200.2490960693359
6,6,4960.189999999998,494.1803433227539
6,7,80253.88000000002,1349.6072668457034
6,8,188648.94,788.9919421386717
6,9,266997.69000000006,582.3455056762695
7,0,278.5300000000001,40.61137847900391
7,1,342.66,56.290977020263675
7,2,430.16,73.74569442749025
7,3,577.43,94.86425827026368
7,4,820.42,128.61994705200195
7,5,1328.0200000000011,191.59437850952145
7,6,3057.73,342.16958770751967
7,7,37972.04999999999,1315.8988818359376
7,8,153549.45999999996,919.0623846435547
7,9,236976.49,659.9543127441408
8,0,278.3599999999999,40.95902786254882
8,1,340.59,56.8041162109375
8,2,427.14,70.29304702758795
8,3,563.8700000000001,91.38060180664063
8,4,780.26,118.10837356567383
8,5,1272.94,183.51025970458986
8,6,2514.1399999999985,284.99030868530286
8,7,12162.08,777.4508892822265
8,8,112306.67,1087.3322424316411
8,9,202106.81999999995,758.2241357421875
9,0,278.3699999999997,40.64634460449215
9,1,340.75000000000017,56.363016510009764
9,2,427.63,72.89485916137696
9,3,557.88,92.67930038452147
9,4,756.54,118.65793823242187
9,5,1158.31,157.88505569458005
9,6,2001.94,233.9394644165039
9,7,5535.549999999999,441.58093338012696
9,8,66065.72,1341.6168725585944
9,9,161231.77,879.6105322265626
9,10,235609.6,665.1429840087891
10,0,278.33,39.075476837158206
10,1,341.4200000000001,55.431319122314456
10,2,427.94,72.55980712890624
10,3,550.19,89.90779922485352
10,4,741.27,109.5660774230957
10,5,1094.3700000000003,151.1477345275879
10,6,1691.75,200.47335556030274
10,7,3609.08,320.1939834594726
10,8,20510.129999999994,957.9885260009765
10,9,115268.69,1050.0194403076173
10,10,195820.92,746.2196807861328
10,11,257511.65,588.4654626464844
11,0,278.25,40.332340545654276
11,1,342.68000000000006,56.99746826171875
11,2,424.18,70.82545455932618
11,3,548.2499999999994,84.25789108276372
11,4,739.8399999999998,108.59185180664062
11,5,1029.5599999999997,138.09283264160155
11,6,1594.71,187.43170257568352
11,7,2706.7099999999987,250.11039688110355
11,8,8179.259999999998,522.8446864318852
11,9,61027.68,1271.4319482421872
11,10,148797.68000000005,881.0545153808594
11,11,218257.35,692.9501531982423
12,0,278.31000000000006,39.4962188720703
12,1,341.4099999999999,55.13607925415039
12,2,424.9799999999999,71.20036331176757
12,3,546.1899999999996,85.91973266601562
12,4,701.56,101.25001129150391
12,5,985.46,128.76498031616214
12,6,1391.68,155.1985647583008
12,7,2273.32,219.83783142089842
12,8,4738.610000000003,341.48747650146487
12,9,18847.24,766.1937220764161
12,10,97234.50000000004,1100.8950988769532
12,11,171567.26000000007,794.4249426269531
12,12,231200.72,636.2546105957028
13,0,278.54999999999995,40.07650222778319
13,1,340.7399999999998,55.719747619628905
13,2,417.45,66.8898397827148
13,3,536.4799999999999,82.00517074584961
13,4,683.64,98.88138946533203
13,5,924.85,120.28873168945313
13,6,1298.9099999999999,144.42010803222655
13,7,1935.81,190.99086669921874
13,8,3341.12,252.8630285644532
13,9,7467.03,442.3615023803711
13,10,38311.829999999994,1019.5270654296875
13,11,117530.68,983.636724243164
13,12,184596.72999999992,739.9422100830078
13,13,238112.05,606.5328308105468
14,0,278.5299999999997,40.21226364135743
14,1,340.34,53.52506134033203
14,2,419.08,65.89810760498044
14,3,532.4000000000001,79.81977645874025
14,4,688.71,93.76547119140625
14,5,899.38,111.02651779174803
14,6,1227.5899999999997,138.19878479003904
14,7,1732.06,166.72205200195313
14,8,2625.700000000001,216.99684356689454
14,9,4624.329999999999,307.04012039184573
14,10,10765.699999999997,479.89245147705077
14,11,56563.3,1027.8293688964848
14,12,128367.51,925.1896936035156
14,13,188699.15000000002,690.8434857177734
14,14,237393.46,587.104521789551
15,0,278.57999999999987,40.23950454711914
15,1,341.85000000000014,55.32472534179688
15,2,419.34,65.67759750366207
15,3,526.47,82.20259826660153
15,4,662.9200000000002,90.15676727294922
15,5,870.24,108.49201644897461
15,6,1151.94,125.04273376464843
15,7,1531.25,143.58059982299804
15,8,2279.1600000000008,182.1245783996582
15,9,3414.73,232.1031167602539
15,10,6181.83,330.6215289306643
15,11,15070.95,542.9961218261717
15,12,64663.05,1027.7987612915035
15,13,131523.63999999996,842.6752917480469
15,14,184777.36999999994,686.9681756591796
15,15,230799.92,596.4941006469725
16,0,278.19000000000017,39.328863677978504
16,1,341.63000000000005,56.2634245300293
16,2,417.98,66.14359268188473
16,3,528.4300000000002,77.86069961547854
16,4,654.6600000000002,89.59875946044922
16,5,840.7400000000001,100.28290161132813
16,6,1083.0200000000007,118.25253433227539
16,7,1428.3100000000006,134.40302764892567
16,8,1967.42,165.25760009765617
16,9,2704.48,188.55661041259765
16,10,4013.79,239.2269435119629
16,11,7262.16,335.8116522216799
16,12,19302.919999999995,595.9969171142579
16,13,59093.42,936.417855834961
16,14,120963.05,824.1098431396484
16,15,174092.51000000007,686.7767901611328
16,16,217193.25999999995,592.5316329956054
17,0,278.25000000000006,39.27388305664063
17,1,340.71,54.21715866088867
17,2,419.0,67.68875778198245
17,3,515.7900000000002,77.93852813720703
17,4,635.1199999999998,87.98228912353515
17,5,813.01,97.4198991394043
17,6,1042.3199999999993,110.57868392944336
17,7,1312.6100000000006,120.08040771484374
17,8,1775.07,140.7644744873047
17,9,2341.89,160.46990493774416
17,10,3078.1600000000008,184.6014384460449
17,11,4597.870000000001,232.33213592529296
17,12,8224.799999999997,335.9842750549317
17,13,17869.649999999987,543.4162066650389
17,14,52226.57,839.8145635986328
17,15,105432.34,814.6172241210937
17,16,154981.82,699.5370681762694
17,17,197370.08999999997,593.9761911010742
17,18,234933.95,526.0208914184573
18,0,278.36999999999995,39.259737854003895
18,1,340.86000000000007,53.09075790405274
18,2,417.3999999999999,66.26044692993166
18,3,517.0000000000001,76.56918762207029
18,4,641.9000000000002,90.00626449584965
18,5,805.26,95.33108093261718
18,6,1006.06,107.0689453125
18,7,1256.7800000000007,118.45477661132813
18,8,1652.28,127.04762405395513
18,9,1968.6,138.32995803833006
18,10,2758.18,173.40044494628899
18,11,3559.62,183.75909973144536
18,12,5041.030000000002,222.63483489990233
18,13,8036.6,287.41367218017587
18,14,13952.26,404.52756561279296
18,15,34504.99,646.2587600708007
18,16,80286.52999999998,786.7298095703125
18,17,127425.58,723.2083728027344
18,18,168692.63000000003,625.8765170288083
18,19,206391.98000000004,533.9944372558597
19,0,278.15000000000003,39.888190612792975
19,1,340.75000000000006,54.269070892333986
19,2,416.5,67.09663467407229
19,3,516.7799999999997,75.8736720275879
19,4,628.46,86.06294723510742
19,5,793.0200000000003,90.42508728027343
19,6,990.65,103.16971633911135
19,7,1213.2799999999997,109.40878204345704
19,8,1529.49,119.36049041748046
19,9,1825.66,130.10214706420905
19,10,2310.17,136.96239761352552
19,11,2920.84,146.6881030273438
19,12,3862.7700000000004,174.38012420654297
19,13,5021.739999999998,202.56553909301758
19,14,7535.64,254.00178863525383
19,15,11509.22,318.5795991516113
19,16,21203.479999999992,476.57578353881837
19,17,47278.74,656.0826980590821
19,18,87430.49,712.5072027587889
19,19,130019.97,652.7718399047849
19,20,167880.66000000015,568.9006344604493
19,21,201439.2500000001,506.7145913696289
20,0,278.39,39.593288574218775
20,1,340.75999999999993,56.466419067382816
20,2,416.24,64.97495468139648
20,3,518.34,77.3868585205078
20,4,628.7000000000002,84.09412582397458
20,5,777.05,90.05753784179687
20,6,949.53,97.11866882324217
20,7,1164.4400000000003,102.82122177124022
20,8,1404.1399999999996,105.56730758666993
20,9,1649.5900000000006,114.43527404785156
20,10,1971.28,116.77849166870118
20,11,2406.2900000000004,126.93522476196296
20,12,2904.890000000001,135.88677139282228
20,13,3864.35,158.0331838989258
20,14,4884.300000000002,181.43608612060547
20,15,6362.95,203.5496713256836
20,16,9102.660000000007,258.62201171875006
20,17,13390.66,290.0437951660156
20,18,25264.93,462.4136540222168
20,19,41017.51999999999,522.8171183776857
20,20,78553.40999999997,633.6081274414067
20,21,117640.62,590.7553295898437
20,22,149935.43999999997,546.1552511596678
20,23,181381.86,493.09828125
20,24,211483.22,460.89104431152344